Running 10s test @ http://127.0.0.1:9090/wrk2-api/post/compose
  16 threads and 32 connections

  Thread calibration: mean lat.: 43.822ms, rate sampling interval: 307ms
  Thread calibration: mean lat.: 48.321ms, rate sampling interval: 260ms
  Thread calibration: mean lat.: 30.037ms, rate sampling interval: 163ms
  Thread calibration: mean lat.: 38.401ms, rate sampling interval: 238ms

-----------------------------------------------------------------------
Test Results @ http://127.0.0.1:9090/wrk2-api/post/compose 
  Thread Stats   Avg      Stdev     99%   +/- Stdev
    Latency    35.89ms   59.88ms 311.04ms   89.40%
    Req/Sec       -nan      -nan   0.00      0.00%
  Latency Distribution (HdrHistogram - Recorded Latency)
 50.000%   12.70ms
 75.000%   32.62ms
 90.000%  101.44ms
 99.000%  311.04ms
 99.900%  390.65ms
 99.990%  433.92ms
 99.999%  449.79ms
100.000%  449.79ms

  Detailed Percentile spectrum:
       Value   Percentile   TotalCount 1/(1-Percentile)

       1.759     0.000000            1         1.00
       4.045     0.100000         2648         1.11
       5.539     0.200000         5300         1.25
       7.187     0.300000         7947         1.43
       9.351     0.400000        10591         1.67
      12.703     0.500000        13240         2.00
      14.815     0.550000        14561         2.22
      17.503     0.600000        15887         2.50
      20.991     0.650000        17212         2.86
      25.743     0.700000        18534         3.33
      32.623     0.750000        19856         4.00
      37.279     0.775000        20519         4.44
      43.167     0.800000        21181         5.00
      51.871     0.825000        21844         5.71
      64.159     0.850000        22503         6.67
      80.319     0.875000        23166         8.00
      90.687     0.887500        23496         8.89
     101.439     0.900000        23832        10.00
     112.447     0.912500        24158        11.43
     124.927     0.925000        24489        13.33
     141.951     0.937500        24820        16.00
     153.215     0.943750        24987        17.78
     163.711     0.950000        25153        20.00
     176.511     0.956250        25316        22.86
     192.255     0.962500        25482        26.67
     215.551     0.968750        25647        32.00
     228.351     0.971875        25730        35.56
     240.767     0.975000        25813        40.00
     253.183     0.978125        25895        45.71
     270.079     0.981250        25979        53.33
     288.511     0.984375        26062        64.00
     293.375     0.985938        26104        71.11
     298.239     0.987500        26144        80.00
     307.455     0.989062        26185        91.43
     315.391     0.990625        26226       106.67
     329.983     0.992188        26268       128.00
     334.335     0.992969        26288       142.22
     337.407     0.993750        26309       160.00
     342.015     0.994531        26330       182.86
     345.855     0.995313        26350       213.33
     351.999     0.996094        26371       256.00
     354.815     0.996484        26381       284.44
     356.863     0.996875        26392       320.00
     359.423     0.997266        26402       365.71
     365.055     0.997656        26412       426.67
     370.687     0.998047        26423       512.00
     373.503     0.998242        26428       568.89
     375.551     0.998437        26433       640.00
     378.111     0.998633        26438       731.43
     381.695     0.998828        26443       853.33
     391.167     0.999023        26449      1024.00
     393.983     0.999121        26451      1137.78
     402.943     0.999219        26454      1280.00
     406.271     0.999316        26456      1462.86
     417.023     0.999414        26460      1706.67
     419.327     0.999512        26462      2048.00
     420.351     0.999561        26463      2275.56
     423.167     0.999609        26464      2560.00
     424.959     0.999658        26465      2925.71
     427.007     0.999707        26467      3413.33
     428.031     0.999756        26468      4096.00
     428.799     0.999780        26469      4551.11
     428.799     0.999805        26469      5120.00
     431.103     0.999829        26470      5851.43
     433.919     0.999854        26471      6826.67
     433.919     0.999878        26471      8192.00
     434.431     0.999890        26472      9102.22
     434.431     0.999902        26472     10240.00
     434.431     0.999915        26472     11702.86
     444.415     0.999927        26473     13653.33
     444.415     0.999939        26473     16384.00
     444.415     0.999945        26473     18204.44
     444.415     0.999951        26473     20480.00
     444.415     0.999957        26473     23405.71
     449.791     0.999963        26474     27306.67
     449.791     1.000000        26474          inf
#[Mean    =       35.889, StdDeviation   =       59.877]
#[Max     =      449.536, Total count    =        26474]
#[Buckets =           27, SubBuckets     =         2048]
-----------------------------------------------------------------------
  35260 requests in 10.00s, 7.23MB read
Requests/sec:   3527.14  
Transfer/sec:    740.56KB
