Running 10s test @ http://127.0.0.1:9090/wrk2-api/post/compose
  16 threads and 32 connections

  Thread calibration: mean lat.: 541.702ms, rate sampling interval: 2191ms

-----------------------------------------------------------------------
Test Results @ http://127.0.0.1:9090/wrk2-api/post/compose 
  Thread Stats   Avg      Stdev     99%   +/- Stdev
    Latency   503.60ms  339.48ms   1.47s    65.66%
    Req/Sec       -nan      -nan   0.00      0.00%
  Latency Distribution (HdrHistogram - Recorded Latency)
 50.000%  465.66ms
 75.000%  731.14ms
 90.000%  982.02ms
 99.000%    1.47s 
 99.900%    1.68s 
 99.990%    1.72s 
 99.999%    1.73s 
100.000%    1.73s 

  Detailed Percentile spectrum:
       Value   Percentile   TotalCount 1/(1-Percentile)

       4.487     0.000000            1         1.00
      88.127     0.100000         3335         1.11
     180.095     0.200000         6665         1.25
     267.263     0.300000         9999         1.43
     369.663     0.400000        13332         1.67
     465.663     0.500000        16663         2.00
     507.135     0.550000        18329         2.22
     548.863     0.600000        20003         2.50
     605.183     0.650000        21674         2.86
     681.983     0.700000        23338         3.33
     731.135     0.750000        24998         4.00
     756.223     0.775000        25843         4.44
     784.895     0.800000        26666         5.00
     821.247     0.825000        27494         5.71
     863.231     0.850000        28326         6.67
     916.479     0.875000        29161         8.00
     955.391     0.887500        29576         8.89
     982.015     0.900000        29992        10.00
    1006.591     0.912500        30409        11.43
    1037.311     0.925000        30828        13.33
    1078.271     0.937500        31241        16.00
    1096.703     0.943750        31456        17.78
    1117.183     0.950000        31662        20.00
    1141.759     0.956250        31866        22.86
    1185.791     0.962500        32074        26.67
    1214.463     0.968750        32282        32.00
    1228.799     0.971875        32391        35.56
    1242.111     0.975000        32494        40.00
    1270.783     0.978125        32597        45.71
    1308.671     0.981250        32701        53.33
    1351.679     0.984375        32803        64.00
    1382.399     0.985938        32857        71.11
    1412.095     0.987500        32908        80.00
    1451.007     0.989062        32960        91.43
    1483.775     0.990625        33011       106.67
    1519.615     0.992188        33063       128.00
    1538.047     0.992969        33089       142.22
    1553.407     0.993750        33116       160.00
    1563.647     0.994531        33144       182.86
    1575.935     0.995313        33170       213.33
    1593.343     0.996094        33193       256.00
    1600.511     0.996484        33206       284.44
    1607.679     0.996875        33219       320.00
    1617.919     0.997266        33234       365.71
    1626.111     0.997656        33245       426.67
    1635.327     0.998047        33260       512.00
    1641.471     0.998242        33265       568.89
    1647.615     0.998437        33271       640.00
    1659.903     0.998633        33278       731.43
    1671.167     0.998828        33284       853.33
    1677.311     0.999023        33292      1024.00
    1679.359     0.999121        33294      1137.78
    1685.503     0.999219        33299      1280.00
    1688.575     0.999316        33301      1462.86
    1693.695     0.999414        33304      1706.67
    1695.743     0.999512        33307      2048.00
    1707.007     0.999561        33309      2275.56
    1710.079     0.999609        33310      2560.00
    1713.151     0.999658        33312      2925.71
    1718.271     0.999707        33315      3413.33
    1718.271     0.999756        33315      4096.00
    1720.319     0.999780        33317      4551.11
    1720.319     0.999805        33317      5120.00
    1721.343     0.999829        33318      5851.43
    1722.367     0.999854        33321      6826.67
    1722.367     0.999878        33321      8192.00
    1722.367     0.999890        33321      9102.22
    1722.367     0.999902        33321     10240.00
    1722.367     0.999915        33321     11702.86
    1722.367     0.999927        33321     13653.33
    1722.367     0.999939        33321     16384.00
    1725.439     0.999945        33322     18204.44
    1725.439     0.999951        33322     20480.00
    1725.439     0.999957        33322     23405.71
    1725.439     0.999963        33322     27306.67
    1725.439     0.999969        33322     32768.00
    1727.487     0.999973        33323     36408.89
    1727.487     1.000000        33323          inf
#[Mean    =      503.597, StdDeviation   =      339.481]
#[Max     =     1726.464, Total count    =        33323]
#[Buckets =           27, SubBuckets     =         2048]
-----------------------------------------------------------------------
  35554 requests in 10.00s, 7.29MB read
Requests/sec:   3555.75  
Transfer/sec:    746.57KB
